#Layer_Color=32768
#
#Feature symbol names
#
$0 r10
$1 r1.9685
$2 r3.937
$3 r3

#
#Feature attribute names
#

#
#Layer features
#
A 0.1181102 2.0866142 -0.0000001 1.9685039 0.1181102 1.9685039 0 P 0 N
L 0.0000001 0.1181102 0.0000001 1.9685039 0 P 0
L 0.1181102 2.0866142 3.2135827 2.0866142 0 P 0
L 1.7217722 0.1566536 1.7217722 0.2157087 2 P 0
L 1.7217722 0.1566536 1.8142918 0.1566536 2 P 0
L 1.7217722 0.2157087 1.8142918 0.2157087 2 P 0
L 1.7251951 0.2980709 1.7251951 0.357126 2 P 0
L 1.7251951 0.2980709 1.8177147 0.2980709 2 P 0
L 1.7251951 0.357126 1.8177147 0.357126 2 P 0
L 1.756221 0.1851969 1.7798431 0.1851969 2 P 0
L 1.7596439 0.3266142 1.783266 0.3266142 2 P 0
L 1.768032 0.1733859 1.768032 0.1970079 2 P 0
L 1.7714549 0.3148032 1.7714549 0.3384252 2 P 0
L 1.8142918 0.1566536 1.8142918 0.2157087 2 P 0
L 1.8177147 0.2980709 1.8177147 0.357126 2 P 0
L 1.9419291 1.33563 1.9419291 1.4281496 2 P 0
L 1.9419291 1.33563 2.0009842 1.33563 2 P 0
L 1.9419291 1.4281496 2.0009842 1.4281496 2 P 0
L 1.9517717 0.3897638 1.9517717 0.4822834 2 P 0
L 1.9517717 0.3897638 2.0108268 0.3897638 2 P 0
L 1.9517717 0.4822834 2.0108268 0.4822834 2 P 0
L 1.9606299 1.3818898 1.9842519 1.3818898 2 P 0
L 1.968504 0.4360236 1.992126 0.4360236 2 P 0
L 1.9714567 0.7549213 1.9714567 0.8474409 2 P 0
L 1.9714567 0.7549213 2.0305118 0.7549213 2 P 0
L 1.9714567 0.8474409 2.0305118 0.8474409 2 P 0
L 1.9724409 1.3700788 1.9724409 1.3937009 2 P 0
L 1.980315 0.4242125 1.980315 0.4478346 2 P 0
L 1.9862205 0.6673228 1.9862205 0.7263779 2 P 0
L 1.9862205 0.6673228 2.0787401 0.6673228 2 P 0
L 1.9862205 0.7263779 2.0787401 0.7263779 2 P 0
L 1.988189 0.8011811 2.011811 0.8011811 2 P 0
L 2 0.78937 2 0.8129921 2 P 0
L 2.0009842 1.33563 2.0009842 1.4281496 2 P 0
L 2.0029528 1.1289371 2.0029528 1.2214567 2 P 0
L 2.0029528 1.1289371 2.0620079 1.1289371 2 P 0
L 2.0029528 1.2214567 2.0620079 1.2214567 2 P 0
L 2.0049213 0.9202756 2.0049213 1.0127952 2 P 0
L 2.0049213 0.9202756 2.0639764 0.9202756 2 P 0
L 2.0049213 1.0127952 2.0639764 1.0127952 2 P 0
L 2.0108268 0.3897638 2.0108268 0.4822834 2 P 0
L 2.0206693 0.6958661 2.0442914 0.6958661 2 P 0
L 2.0216536 1.1751969 2.0452756 1.1751969 2 P 0
L 2.0236221 0.9665354 2.0472441 0.9665354 2 P 0
L 2.0255906 0.2903544 2.0255906 0.382874 2 P 0
L 2.0255906 0.2903544 2.0846457 0.2903544 2 P 0
L 2.0255906 0.382874 2.0846457 0.382874 2 P 0
L 2.0305118 0.7549213 2.0305118 0.8474409 2 P 0
L 2.0324803 0.6840551 2.0324803 0.7076771 2 P 0
L 2.0334646 1.1633859 2.0334646 1.187008 2 P 0
L 2.0354331 0.9547244 2.0354331 0.9783465 2 P 0
L 2.0423228 0.7539371 2.0423228 0.8464567 2 P 0
L 2.0423228 0.7539371 2.1013779 0.7539371 2 P 0
L 2.0423228 0.8464567 2.1013779 0.8464567 2 P 0
L 2.0423229 0.3366142 2.0659449 0.3366142 2 P 0
L 2.0541339 0.3248031 2.0541339 0.3484252 2 P 0
L 2.0590551 0.8001969 2.0826771 0.8001969 2 P 0
L 2.0620079 1.1289371 2.0620079 1.2214567 2 P 0
L 2.0639764 0.9202756 2.0639764 1.0127952 2 P 0
L 2.0708661 0.7883858 2.0708661 0.8120079 2 P 0
L 2.0765748 1.6337402 2.0765748 1.7262598 2 P 0
L 2.0765748 1.6337402 2.1356299 1.6337402 2 P 0
L 2.0765748 1.7262598 2.1356299 1.7262598 2 P 0
L 2.0777559 1.1289371 2.0777559 1.2214567 2 P 0
L 2.0777559 1.1289371 2.136811 1.1289371 2 P 0
L 2.0777559 1.2214567 2.136811 1.2214567 2 P 0
L 2.0787401 0.6673228 2.0787401 0.7263779 2 P 0
L 2.0846457 0.2903544 2.0846457 0.382874 2 P 0
L 2.0933071 1.68 2.1169291 1.68 2 P 0
L 2.0964567 0.2893701 2.0964567 0.3287401 2 P 0
L 2.0964567 0.2893701 2.1712599 0.2893701 2 P 0
L 2.0964567 0.3287401 2.1712599 0.3287401 2 P 0
L 2.0964567 1.1751969 2.1200787 1.1751969 2 P 0
L 2.0984252 1.0295276 2.0984252 1.0885827 2 P 0
L 2.0984252 1.0295276 2.1909448 1.0295276 2 P 0
L 2.0984252 1.0885827 2.1909448 1.0885827 2 P 0
L 2.1013779 0.7539371 2.1013779 0.8464567 2 P 0
L 2.1051181 1.6681889 2.1051181 1.691811 2 P 0
L 2.1082677 1.1633859 2.1082677 1.187008 2 P 0
L 2.1220473 0.3090551 2.1456694 0.3090551 2 P 0
L 2.132874 1.0580709 2.1564961 1.0580709 2 P 0
L 2.1338583 0.2972441 2.1338583 0.3208661 2 P 0
L 2.1356299 1.6337402 2.1356299 1.7262598 2 P 0
L 2.136811 1.1289371 2.136811 1.2214567 2 P 0
L 2.144685 1.0462599 2.144685 1.0698819 2 P 0
L 2.1673229 1.5580709 2.1673229 1.617126 2 P 0
L 2.1673229 1.5580709 2.2598425 1.5580709 2 P 0
L 2.1673229 1.617126 2.2598425 1.617126 2 P 0
L 2.1712599 0.2893701 2.1712599 0.3287401 2 P 0
L 2.1909448 1.0295276 2.1909448 1.0885827 2 P 0
L 2.1994882 0.7137402 2.1994882 0.8062598 2 P 0
L 2.1994882 0.7137402 2.2585433 0.7137402 2 P 0
L 2.1994882 0.8062598 2.2585433 0.8062598 2 P 0
L 2.2017717 1.5866142 2.2253938 1.5866142 2 P 0
L 2.21063 0.8149606 2.21063 0.988189 1 P 0
L 2.21063 0.8149606 2.3602362 0.8149606 1 P 0
L 2.21063 0.988189 2.3602362 0.988189 1 P 0
L 2.2135827 1.5748032 2.2135827 1.5984252 2 P 0
L 2.218189 0.76 2.241811 0.76 2 P 0
L 2.2244095 1.4379921 2.2244095 1.4970472 2 P 0
L 2.2244095 1.4379921 2.3169291 1.4379921 2 P 0
L 2.2244095 1.4970472 2.3169291 1.4970472 2 P 0
L 2.226378 1.0984252 2.226378 1.1909448 2 P 0
L 2.226378 1.0984252 2.2854331 1.0984252 2 P 0
L 2.226378 1.1909448 2.2854331 1.1909448 2 P 0
L 2.23 0.748189 2.23 0.7718111 2 P 0
L 2.2411417 1.0196851 2.2411417 1.0590551 2 P 0
L 2.2411417 1.0196851 2.3159449 1.0196851 2 P 0
L 2.2411417 1.0590551 2.3159449 1.0590551 2 P 0
L 2.2450788 1.144685 2.2687008 1.144685 2 P 0
L 2.2509843 1.7470473 2.2509843 1.8395669 2 P 0
L 2.2509843 1.7470473 2.3100394 1.7470473 2 P 0
L 2.2509843 1.8395669 2.3100394 1.8395669 2 P 0
L 2.2568898 1.132874 2.2568898 1.1564961 2 P 0
L 2.2585433 0.7137402 2.2585433 0.8062598 2 P 0
L 2.2588582 1.4685039 2.2824803 1.4685039 2 P 0
L 2.2598425 1.5580709 2.2598425 1.617126 2 P 0
L 2.2618111 1.327756 2.2618111 1.3868111 2 P 0
L 2.2618111 1.327756 2.3543307 1.327756 2 P 0
L 2.2618111 1.3868111 2.3543307 1.3868111 2 P 0
L 2.2667323 1.0393701 2.2903544 1.0393701 2 P 0
L 2.2677166 1.7933071 2.2913386 1.7933071 2 P 0
L 2.2706693 1.4566929 2.2706693 1.4803149 2 P 0
L 2.2755906 0.9015748 2.2952756 0.9015748 1 P 0
L 2.2765748 0.1062993 2.2765748 0.1988189 2 P 0
L 2.2765748 0.1062993 2.3356299 0.1062993 2 P 0
L 2.2765748 0.1988189 2.3356299 0.1988189 2 P 0
L 2.2785433 1.0275591 2.2785433 1.0511811 2 P 0
L 2.2795276 1.781496 2.2795276 1.8051181 2 P 0
L 2.2854331 0.8917323 2.2854331 0.9114173 1 P 0
L 2.2854331 1.0984252 2.2854331 1.1909448 2 P 0
L 2.2874016 1.6318898 2.2874016 1.7244094 2 P 0
L 2.2874016 1.6318898 2.3464567 1.6318898 2 P 0
L 2.2874016 1.7244094 2.3464567 1.7244094 2 P 0
L 2.2952756 0.1525591 2.3188976 0.1525591 2 P 0
L 2.2962598 1.3582678 2.3198819 1.3582678 2 P 0
L 2.3061024 1.6781496 2.3297244 1.6781496 2 P 0
L 2.3070866 0.1407481 2.3070866 0.1643702 2 P 0
L 2.3080709 1.3464568 2.3080709 1.3700788 2 P 0
L 2.3100394 1.7470473 2.3100394 1.8395669 2 P 0
L 2.3123363 1.0984252 2.3123363 1.1732284 2 P 0
L 2.3123363 1.0984252 2.3517063 1.0984252 2 P 0
L 2.3123363 1.1732284 2.3517063 1.1732284 2 P 0
L 2.3139764 1.5039371 2.3139764 1.5964567 2 P 0
L 2.3139764 1.5039371 2.3730315 1.5039371 2 P 0
L 2.3139764 1.5964567 2.3730315 1.5964567 2 P 0
L 2.3159449 1.0196851 2.3159449 1.0590551 2 P 0
L 2.3169291 1.4379921 2.3169291 1.4970472 2 P 0
L 2.3179134 1.6663386 2.3179134 1.6899607 2 P 0
L 2.3202103 1.1358268 2.3438323 1.1358268 2 P 0
L 2.3238189 1.7470473 2.3238189 1.8395669 2 P 0
L 2.3238189 1.7470473 2.382874 1.7470473 2 P 0
L 2.3238189 1.8395669 2.382874 1.8395669 2 P 0
L 2.3320213 1.1240158 2.3320213 1.1476379 2 P 0
L 2.3326772 1.5501969 2.3562992 1.5501969 2 P 0
L 2.3356299 0.1062993 2.3356299 0.1988189 2 P 0
L 2.3405512 1.7933071 2.3641732 1.7933071 2 P 0
L 2.3444882 1.5383859 2.3444882 1.562008 2 P 0
L 2.3464567 1.6318898 2.3464567 1.7244094 2 P 0
L 2.3517063 1.0984252 2.3517063 1.1732284 2 P 0
L 2.3523622 1.781496 2.3523622 1.8051181 2 P 0
L 2.3543307 1.327756 2.3543307 1.3868111 2 P 0
L 2.3602362 0.8149606 2.3602362 0.988189 1 P 0
L 2.3730315 1.5039371 2.3730315 1.5964567 2 P 0
L 2.378937 1.6289371 2.378937 1.7214567 2 P 0
L 2.378937 1.6289371 2.4379921 1.6289371 2 P 0
L 2.378937 1.7214567 2.4379921 1.7214567 2 P 0
L 2.3799213 1.5019685 2.3799213 1.5767717 2 P 0
L 2.3799213 1.5019685 2.4192913 1.5019685 2 P 0
L 2.3799213 1.5767717 2.4192913 1.5767717 2 P 0
L 2.382874 1.7470473 2.382874 1.8395669 2 P 0
L 2.3838583 1.1887165 2.3838583 1.2635197 2 P 0
L 2.3838583 1.1887165 2.4232283 1.1887165 2 P 0
L 2.3838583 1.2635197 2.4232283 1.2635197 2 P 0
L 2.3838583 1.2677165 2.3838583 1.3425197 2 P 0
L 2.3838583 1.2677165 2.4232283 1.2677165 2 P 0
L 2.3838583 1.3425197 2.4232283 1.3425197 2 P 0
L 2.3838583 1.3467165 2.3838583 1.4215197 2 P 0
L 2.3838583 1.3467165 2.4232283 1.3467165 2 P 0
L 2.3838583 1.4215197 2.4232283 1.4215197 2 P 0
L 2.3838583 1.4257165 2.3838583 1.5005197 2 P 0
L 2.3838583 1.4257165 2.4232283 1.4257165 2 P 0
L 2.3838583 1.5005197 2.4232283 1.5005197 2 P 0
L 2.3877953 1.5393701 2.4114173 1.5393701 2 P 0
L 2.3917323 1.2261181 2.4153543 1.2261181 2 P 0
L 2.3917323 1.3051181 2.4153543 1.3051181 2 P 0
L 2.3917323 1.3841181 2.4153543 1.3841181 2 P 0
L 2.3917323 1.4631181 2.4153543 1.4631181 2 P 0
L 2.3956693 1.6751969 2.4192913 1.6751969 2 P 0
L 2.3986221 1.7470473 2.3986221 1.8395669 2 P 0
L 2.3986221 1.7470473 2.4576772 1.7470473 2 P 0
L 2.3986221 1.8395669 2.4576772 1.8395669 2 P 0
L 2.3996063 1.527559 2.3996063 1.5511811 2 P 0
L 2.4035433 1.214307 2.4035433 1.2379291 2 P 0
L 2.4035433 1.293307 2.4035433 1.3169291 2 P 0
L 2.4035433 1.372307 2.4035433 1.3959291 2 P 0
L 2.4035433 1.451307 2.4035433 1.4749291 2 P 0
L 2.4074803 1.6633858 2.4074803 1.6870079 2 P 0
L 2.4153544 1.7933071 2.4389764 1.7933071 2 P 0
L 2.4192913 1.5019685 2.4192913 1.5767717 2 P 0
L 2.4232283 1.1887165 2.4232283 1.2635197 2 P 0
L 2.4232283 1.2677165 2.4232283 1.3425197 2 P 0
L 2.4232283 1.3467165 2.4232283 1.4215197 2 P 0
L 2.4232283 1.4257165 2.4232283 1.5005197 2 P 0
L 2.4261417 1.2474331 2.4261417 1.2868031 2 P 0
L 2.4261417 1.2474331 2.5009449 1.2474331 2 P 0
L 2.4261417 1.2868031 2.5009449 1.2868031 2 P 0
L 2.4261417 1.3264331 2.4261417 1.3658031 2 P 0
L 2.4261417 1.3264331 2.5009449 1.3264331 2 P 0
L 2.4261417 1.3658031 2.5009449 1.3658031 2 P 0
L 2.4261417 1.4044331 2.4261417 1.4438031 2 P 0
L 2.4261417 1.4044331 2.5009449 1.4044331 2 P 0
L 2.4261417 1.4438031 2.5009449 1.4438031 2 P 0
L 2.4261417 1.4834331 2.4261417 1.5234331 2 P 0
L 2.4261417 1.4834331 2.5009449 1.4834331 2 P 0
L 2.4261417 1.5234331 2.5009449 1.5234331 2 P 0
L 2.4271654 1.781496 2.4271654 1.8051181 2 P 0
L 2.4272667 1.170315 2.4272667 1.209685 2 P 0
L 2.4272667 1.170315 2.5020699 1.170315 2 P 0
L 2.4272667 1.209685 2.5020699 1.209685 2 P 0
L 2.4379921 1.6289371 2.4379921 1.7214567 2 P 0
L 2.4517322 1.2671181 2.4753543 1.2671181 2 P 0
L 2.4517322 1.3461181 2.4753543 1.3461181 2 P 0
L 2.4517322 1.4241181 2.4753543 1.4241181 2 P 0
L 2.4517323 1.5031181 2.4753544 1.5031181 2 P 0
L 2.4528573 1.19 2.4764794 1.19 2 P 0
L 2.4576772 1.7470473 2.4576772 1.8395669 2 P 0
L 2.4635433 1.2553071 2.4635433 1.2789291 2 P 0
L 2.4635433 1.3343071 2.4635433 1.3579291 2 P 0
L 2.4635433 1.4123071 2.4635433 1.4359291 2 P 0
L 2.4635433 1.4913071 2.4635433 1.5149291 2 P 0
L 2.4646683 1.178189 2.4646683 1.201811 2 P 0
L 2.4704725 0.4242126 2.4704725 0.5167322 2 P 0
L 2.4704725 0.4242126 2.5295276 0.4242126 2 P 0
L 2.4704725 0.5167322 2.5295276 0.5167322 2 P 0
L 2.4891733 0.4704724 2.5127953 0.4704724 2 P 0
L 2.4901575 1.878937 2.4901575 1.9379921 2 P 0
L 2.4901575 1.878937 2.5826771 1.878937 2 P 0
L 2.4901575 1.9379921 2.5826771 1.9379921 2 P 0
L 2.5009449 1.2474331 2.5009449 1.2868031 2 P 0
L 2.5009449 1.3264331 2.5009449 1.3658031 2 P 0
L 2.5009449 1.4044331 2.5009449 1.4438031 2 P 0
L 2.5009449 1.4834331 2.5009449 1.5234331 2 P 0
L 2.5009843 0.4586614 2.5009843 0.4822835 2 P 0
L 2.5020699 1.170315 2.5020699 1.209685 2 P 0
L 2.5187008 0.601378 2.5187008 0.6604331 2 P 0
L 2.5187008 0.601378 2.6112204 0.601378 2 P 0
L 2.5187008 0.6604331 2.6112204 0.6604331 2 P 0
L 2.5246062 1.9094488 2.5482283 1.9094488 2 P 0
L 2.5295276 0.4242126 2.5295276 0.5167322 2 P 0
L 2.5364173 1.8976378 2.5364173 1.9212598 2 P 0
L 2.5531496 0.6299213 2.5767717 0.6299213 2 P 0
L 2.5649606 0.6181103 2.5649606 0.6417323 2 P 0
L 2.5708661 0.3336615 2.5708661 0.4261811 2 P 0
L 2.5708661 0.3336615 2.6299212 0.3336615 2 P 0
L 2.5708661 0.4261811 2.6299212 0.4261811 2 P 0
L 2.5826771 1.878937 2.5826771 1.9379921 2 P 0
L 2.5875984 0.3799213 2.6112204 0.3799213 2 P 0
L 2.5994094 0.3681102 2.5994094 0.3917323 2 P 0
L 2.6112204 0.601378 2.6112204 0.6604331 2 P 0
L 2.6299212 0.3336615 2.6299212 0.4261811 2 P 0
L 2.6417323 0.1338583 2.6417323 0.2263779 2 P 0
L 2.6417323 0.1338583 2.7007874 0.1338583 2 P 0
L 2.6417323 0.2263779 2.7007874 0.2263779 2 P 0
L 2.6584646 0.1801181 2.6820866 0.1801181 2 P 0
L 2.6702756 0.168307 2.6702756 0.1919291 2 P 0
L 2.7007874 0.1338583 2.7007874 0.2263779 2 P 0
L 2.7627953 0.1456693 2.7627953 0.2047244 2 P 0
L 2.7627953 0.1456693 2.8553149 0.1456693 2 P 0
L 2.7627953 0.2047244 2.8553149 0.2047244 2 P 0
L 2.7687008 0.3720473 2.7687008 0.4311024 2 P 0
L 2.7687008 0.3720473 2.8612204 0.3720473 2 P 0
L 2.7687008 0.4311024 2.8612204 0.4311024 2 P 0
L 2.7814961 0.8021654 2.7814961 0.8612205 2 P 0
L 2.7814961 0.8021654 2.8740157 0.8021654 2 P 0
L 2.7814961 0.8612205 2.8740157 0.8612205 2 P 0
L 2.7893701 0.6112205 2.7893701 0.7037401 2 P 0
L 2.7893701 0.6112205 2.8484252 0.6112205 2 P 0
L 2.7893701 0.7037401 2.8484252 0.7037401 2 P 0
L 2.7972441 0.1742126 2.8208662 0.1742126 2 P 0
L 2.8031496 0.4005906 2.8267717 0.4005906 2 P 0
L 2.8070865 0.7887402 2.8070865 0.8812598 2 P 0
L 2.8070865 0.7887402 2.8661416 0.7887402 2 P 0
L 2.8070865 0.8812598 2.8661416 0.8812598 2 P 0
L 2.8080709 0.6574803 2.8316929 0.6574803 2 P 0
L 2.8090551 0.1624016 2.8090551 0.1860236 2 P 0
L 2.8129922 0.2187402 2.8129922 0.3112598 2 P 0
L 2.8129922 0.2187402 2.8720473 0.2187402 2 P 0
L 2.8129922 0.3112598 2.8720473 0.3112598 2 P 0
L 2.8149606 0.3887796 2.8149606 0.4124016 2 P 0
L 2.8149607 0.4124016 2.8149607 0.5049212 2 P 0
L 2.8149607 0.4124016 2.8740158 0.4124016 2 P 0
L 2.8149607 0.5049212 2.8740158 0.5049212 2 P 0
L 2.8159449 0.8307087 2.839567 0.8307087 2 P 0
L 2.8188976 0.5462599 2.8188976 0.605315 2 P 0
L 2.8188976 0.5462599 2.9114172 0.5462599 2 P 0
L 2.8188976 0.605315 2.9114172 0.605315 2 P 0
L 2.8188977 0.6840552 2.8188977 0.7431103 2 P 0
L 2.8188977 0.6840552 2.9114173 0.6840552 2 P 0
L 2.8188977 0.7431103 2.9114173 0.7431103 2 P 0
L 2.8198819 0.6456693 2.8198819 0.6692914 2 P 0
L 2.8257873 0.835 2.8494093 0.835 2 P 0
L 2.8277559 0.8188977 2.8277559 0.8425197 2 P 0
L 2.831693 0.265 2.855315 0.265 2 P 0
L 2.831693 0.4586614 2.855315 0.4586614 2 P 0
L 2.8375983 0.8231889 2.8375983 0.846811 2 P 0
L 2.843504 0.2531889 2.843504 0.276811 2 P 0
L 2.843504 0.4468504 2.843504 0.4704725 2 P 0
L 2.8484252 0.6112205 2.8484252 0.7037401 2 P 0
L 2.8533463 0.5748032 2.8769684 0.5748032 2 P 0
L 2.8533464 0.7125985 2.8769685 0.7125985 2 P 0
L 2.8553149 0.1456693 2.8553149 0.2047244 2 P 0
L 2.8612204 0.3720473 2.8612204 0.4311024 2 P 0
L 2.8651574 0.5629922 2.8651574 0.5866142 2 P 0
L 2.8651575 0.7007875 2.8651575 0.7244095 2 P 0
L 2.8661416 0.7887402 2.8661416 0.8812598 2 P 0
L 2.8720473 0.2187402 2.8720473 0.3112598 2 P 0
L 2.8740157 0.8021654 2.8740157 0.8612205 2 P 0
L 2.8740158 0.4124016 2.8740158 0.5049212 2 P 0
L 2.8858268 0.2322835 2.8858268 0.2913386 2 P 0
L 2.8858268 0.2322835 2.9783464 0.2322835 2 P 0
L 2.8858268 0.2913386 2.9783464 0.2913386 2 P 0
L 2.8927166 0.1456693 2.8927166 0.2047244 2 P 0
L 2.8927166 0.1456693 2.9852362 0.1456693 2 P 0
L 2.8927166 0.2047244 2.9852362 0.2047244 2 P 0
L 2.9005906 0.1722441 2.9005906 0.3572835 2 P 0
L 2.9005906 0.1722441 3.0383858 0.1722441 2 P 0
L 2.9005906 0.3572835 3.0383858 0.3572835 2 P 0
L 2.9114172 0.5462599 2.9114172 0.605315 2 P 0
L 2.9114173 0.6840552 2.9114173 0.7431103 2 P 0
L 2.9183071 0.4694882 2.9183071 0.5620078 2 P 0
L 2.9183071 0.4694882 2.9773622 0.4694882 2 P 0
L 2.9183071 0.5620078 2.9773622 0.5620078 2 P 0
L 2.9183071 0.5826773 2.9183071 0.6751969 2 P 0
L 2.9183071 0.5826773 2.9773622 0.5826773 2 P 0
L 2.9183071 0.6751969 2.9773622 0.6751969 2 P 0
L 2.9183071 0.7342521 2.9183071 0.8267717 2 P 0
L 2.9183071 0.7342521 2.9773622 0.7342521 2 P 0
L 2.9183071 0.8267717 2.9773622 0.8267717 2 P 0
L 2.9202755 0.2627953 2.9438976 0.2627953 2 P 0
L 2.9271653 0.1761811 2.9507874 0.1761811 2 P 0
L 2.9320866 0.2509843 2.9320866 0.2746063 2 P 0
L 2.9320866 0.3277559 2.9320866 0.4202755 2 P 0
L 2.9320866 0.3277559 2.9911417 0.3277559 2 P 0
L 2.9320866 0.4202755 2.9911417 0.4202755 2 P 0
L 2.9370079 0.515748 2.9606299 0.515748 2 P 0
L 2.9370079 0.6289371 2.9606299 0.6289371 2 P 0
L 2.9370079 0.7805119 2.9606299 0.7805119 2 P 0
L 2.9389764 0.1643701 2.9389764 0.1879921 2 P 0
L 2.9488189 0.503937 2.9488189 0.5275591 2 P 0
L 2.9488189 0.617126 2.9488189 0.6407481 2 P 0
L 2.9488189 0.7687008 2.9488189 0.7923229 2 P 0
L 2.9507874 0.3740157 2.9744094 0.3740157 2 P 0
L 2.954315 0.9793308 2.954315 1.0718504 2 P 0
L 2.954315 0.9793308 3.0133701 0.9793308 2 P 0
L 2.954315 1.0718504 3.0133701 1.0718504 2 P 0
L 2.9576772 0.2647638 2.9812992 0.2647638 2 P 0
L 2.9625984 0.3622047 2.9625984 0.3858268 2 P 0
L 2.9675197 0.859252 2.9675197 0.9183071 2 P 0
L 2.9675197 0.859252 3.0600393 0.859252 2 P 0
L 2.9675197 0.9183071 3.0600393 0.9183071 2 P 0
L 2.9694882 0.2529528 2.9694882 0.2765749 2 P 0
L 2.9714567 1.7337402 2.9714567 1.8262598 2 P 0
L 2.9714567 1.7337402 3.0305118 1.7337402 2 P 0
L 2.9714567 1.8262598 3.0305118 1.8262598 2 P 0
L 2.9730158 1.0255906 2.9966378 1.0255906 2 P 0
L 2.9773622 0.4694882 2.9773622 0.5620078 2 P 0
L 2.9773622 0.5826773 2.9773622 0.6751969 2 P 0
L 2.9773622 0.7342521 2.9773622 0.8267717 2 P 0
L 2.9783464 0.2322835 2.9783464 0.2913386 2 P 0
L 2.980315 1.8809055 2.980315 1.9399606 2 P 0
L 2.980315 1.8809055 3.0728346 1.8809055 2 P 0
L 2.980315 1.9399606 3.0728346 1.9399606 2 P 0
L 2.9848268 1.0137795 2.9848268 1.0374016 2 P 0
L 2.9852362 0.1456693 2.9852362 0.2047244 2 P 0
L 2.988189 1.78 3.011811 1.78 2 P 0
L 2.9911417 0.3277559 2.9911417 0.4202755 2 P 0
L 2.9950787 1.8415355 2.9950787 1.9340551 2 P 0
L 2.9950787 1.8415355 3.0541338 1.8415355 2 P 0
L 2.9950787 1.9340551 3.0541338 1.9340551 2 P 0
L 3 1.768189 3 1.7918111 2 P 0
L 3.0019684 0.8897638 3.0255905 0.8897638 2 P 0
L 3.011811 1.8877953 3.035433 1.8877953 2 P 0
L 3.0133701 0.9793308 3.0133701 1.0718504 2 P 0
L 3.0137795 0.8779528 3.0137795 0.9015748 2 P 0
L 3.0147638 1.9094488 3.0383859 1.9094488 2 P 0
L 3.0177165 1.1072835 3.0177165 1.1958661 2 P 0
L 3.0177165 1.1072835 3.1771653 1.1072835 2 P 0
L 3.0177165 1.1958661 3.1771653 1.1958661 2 P 0
L 3.0177165 1.2027559 3.0177165 1.2913385 2 P 0
L 3.0177165 1.2027559 3.1771653 1.2027559 2 P 0
L 3.0177165 1.2913385 3.1771653 1.2913385 2 P 0
L 3.0180322 1.0118111 3.0180322 1.1003937 2 P 0
L 3.0180322 1.0118111 3.177481 1.0118111 2 P 0
L 3.0180322 1.1003937 3.177481 1.1003937 2 P 0
L 3.023622 1.8759843 3.023622 1.8996064 2 P 0
L 3.0246063 0.3564567 3.0246063 0.4155118 2 P 0
L 3.0246063 0.3564567 3.1171259 0.3564567 2 P 0
L 3.0246063 0.4155118 3.1171259 0.4155118 2 P 0
L 3.0265748 1.8976378 3.0265748 1.9212598 2 P 0
L 3.0275591 0.4694882 3.0275591 0.5285433 2 P 0
L 3.0275591 0.4694882 3.1200787 0.4694882 2 P 0
L 3.0275591 0.5285433 3.1200787 0.5285433 2 P 0
L 3.0305118 1.7337402 3.0305118 1.8262598 2 P 0
L 3.0305119 0.2677165 3.0305119 0.3267716 2 P 0
L 3.0305119 0.2677165 3.1230315 0.2677165 2 P 0
L 3.0305119 0.3267716 3.1230315 0.3267716 2 P 0
L 3.0383858 0.1722441 3.0383858 0.3572835 2 P 0
L 3.0413386 0.7568898 3.0610236 0.7568898 2 P 0
L 3.0442126 1.7337402 3.0442126 1.8262598 2 P 0
L 3.0442126 1.7337402 3.1032677 1.7337402 2 P 0
L 3.0442126 1.8262598 3.1032677 1.8262598 2 P 0
L 3.0452756 0.9163386 3.0649606 0.9163386 2 P 0
L 3.0462598 0.5984253 3.0659448 0.5984253 2 P 0
L 3.0511811 0.7470473 3.0511811 0.7667323 2 P 0
L 3.0541338 1.8415355 3.0541338 1.9340551 2 P 0
L 3.0551181 0.9064961 3.0551181 0.9261811 2 P 0
L 3.0561023 0.5885828 3.0561023 0.6082678 2 P 0
L 3.0590551 0.385 3.0826772 0.385 2 P 0
L 3.0600393 0.859252 3.0600393 0.9183071 2 P 0
L 3.0620079 0.4980315 3.08563 0.4980315 2 P 0
L 3.0629134 1.78 3.0865354 1.78 2 P 0
L 3.0649607 0.2962598 3.0885828 0.2962598 2 P 0
L 3.0650394 1.4659843 3.0650394 1.7140158 1 P 0
L 3.0650394 1.4659843 3.2107087 1.4659843 1 P 0
L 3.0650394 1.7140158 3.2107087 1.7140158 1 P 0
L 3.0684894 1.5167323 3.0684894 1.5757874 2 P 0
L 3.0684894 1.5167323 3.161009 1.5167323 2 P 0
L 3.0684894 1.5757874 3.161009 1.5757874 2 P 0
L 3.0699658 1.4557086 3.0699658 1.5147637 2 P 0
L 3.0699658 1.4557086 3.1624854 1.4557086 2 P 0
L 3.0699658 1.5147637 3.1624854 1.5147637 2 P 0
L 3.0708661 0.373189 3.0708661 0.396811 2 P 0
L 3.0728346 1.8809055 3.0728346 1.9399606 2 P 0
L 3.0738189 0.4862205 3.0738189 0.5098425 2 P 0
L 3.0747244 1.7681889 3.0747244 1.791811 2 P 0
L 3.0767717 0.2844488 3.0767717 0.3080708 2 P 0
L 3.0807088 0.1761811 3.0807088 0.2352362 2 P 0
L 3.0807088 0.1761811 3.1732284 0.1761811 2 P 0
L 3.0807088 0.2352362 3.1732284 0.2352362 2 P 0
L 3.0807746 1.1694882 3.0807746 1.2285433 2 P 0
L 3.0807746 1.1694882 3.1732942 1.1694882 2 P 0
L 3.0807746 1.2285433 3.1732942 1.2285433 2 P 0
L 3.0856299 1.1515748 3.109252 1.1515748 2 P 0
L 3.0856299 1.2470472 3.109252 1.2470472 2 P 0
L 3.0857086 1.8435827 3.0857086 1.9164174 1 P 0
L 3.0857086 1.8435827 3.1742913 1.8435827 1 P 0
L 3.0857086 1.9164174 3.1742913 1.9164174 1 P 0
L 3.0859456 1.0561024 3.1095677 1.0561024 2 P 0
L 3.0866142 0.9379921 3.0866142 1.0088583 3 P 0
L 3.0866142 0.9379921 3.2204724 0.9379921 3 P 0
L 3.0866142 1.0088583 3.2204724 1.0088583 3 P 0
L 3.0974409 1.1397638 3.0974409 1.1633858 2 P 0
L 3.0974409 1.2352362 3.0974409 1.2588582 2 P 0
L 3.0977566 1.0442914 3.0977566 1.0679134 2 P 0
L 3.1029381 1.5472441 3.1265602 1.5472441 2 P 0
L 3.1032677 1.7337402 3.1032677 1.8262598 2 P 0
L 3.1044145 1.4862204 3.1280366 1.4862204 2 P 0
L 3.1053988 1.617126 3.1053988 1.6781496 1 P 0
L 3.1053988 1.617126 3.1664224 1.617126 1 P 0
L 3.1053988 1.6781496 3.1664224 1.6781496 1 P 0
L 3.1103149 1.88 3.149685 1.88 2 P 0
L 3.1147492 1.5354331 3.1147492 1.5590551 2 P 0
L 3.1151576 0.2066929 3.1387797 0.2066929 2 P 0
L 3.1152234 1.2 3.1388455 1.2 2 P 0
L 3.1162256 1.4744094 3.1162256 1.4980314 2 P 0
L 3.1162256 1.6476378 3.1555956 1.6476378 2 P 0
L 3.1171259 0.3564567 3.1171259 0.4155118 2 P 0
L 3.118189 1.59 3.1575591 1.59 2 P 0
L 3.1200787 0.4694882 3.1200787 0.5285433 2 P 0
L 3.1230315 0.2677165 3.1230315 0.3267716 2 P 0
L 3.1269686 0.1948819 3.1269686 0.2185039 2 P 0
L 3.1270344 1.188189 3.1270344 1.211811 2 P 0
L 3.1299213 0.5492127 3.1299213 0.6417323 2 P 0
L 3.1299213 0.5492127 3.1889764 0.5492127 2 P 0
L 3.1299213 0.6417323 3.1889764 0.6417323 2 P 0
L 3.13 1.860315 3.13 1.8996851 2 P 0
L 3.1309055 0.706693 3.1309055 0.7992126 2 P 0
L 3.1309055 0.706693 3.1899606 0.706693 2 P 0
L 3.1309055 0.7992126 3.1899606 0.7992126 2 P 0
L 3.1309055 0.8641733 3.1309055 0.9566929 2 P 0
L 3.1309055 0.8641733 3.1899606 0.8641733 2 P 0
L 3.1309055 0.9566929 3.1899606 0.9566929 2 P 0
L 3.1318898 0.6948819 3.1318898 0.7874015 2 P 0
L 3.1318898 0.6948819 3.1909449 0.6948819 2 P 0
L 3.1318898 0.7874015 3.1909449 0.7874015 2 P 0
L 3.1359106 1.6279528 3.1359106 1.6673228 2 P 0
L 3.1368111 0.8582677 3.1368111 0.9173228 2 P 0
L 3.1368111 0.8582677 3.2293307 0.8582677 2 P 0
L 3.1368111 0.9173228 3.2293307 0.9173228 2 P 0
L 3.137874 1.570315 3.137874 1.6096851 2 P 0
L 3.1394882 1.7337402 3.1394882 1.8262598 2 P 0
L 3.1394882 1.7337402 3.1985433 1.7337402 2 P 0
L 3.1394882 1.8262598 3.1985433 1.8262598 2 P 0
L 3.1417323 0.9734252 3.1653543 0.9734252 2 P 0
L 3.1486221 0.5954725 3.1722441 0.5954725 2 P 0
L 3.1486221 0.7411417 3.1722441 0.7411417 2 P 0
L 3.1496063 0.7529528 3.1732283 0.7529528 2 P 0
L 3.1496063 0.9104331 3.1732283 0.9104331 2 P 0
L 3.1515748 0.3076239 3.1712598 0.3076239 2 P 0
L 3.1535433 0.9616142 3.1535433 0.9852363 2 P 0
L 3.158189 1.78 3.181811 1.78 2 P 0
L 3.1604331 0.5836614 3.1604331 0.6072835 2 P 0
L 3.1604331 0.7293306 3.1604331 0.7529527 2 P 0
L 3.161009 1.5167323 3.161009 1.5757874 2 P 0
L 3.1614173 0.2977814 3.1614173 0.3174664 2 P 0
L 3.1614173 0.7411417 3.1614173 0.7647638 2 P 0
L 3.1614173 0.898622 3.1614173 0.9222441 2 P 0
L 3.1624854 1.4557086 3.1624854 1.5147637 2 P 0
L 3.1633859 1.0487402 3.1633859 1.1412598 2 P 0
L 3.1633859 1.0487402 3.222441 1.0487402 2 P 0
L 3.1633859 1.1412598 3.222441 1.1412598 2 P 0
L 3.1664224 1.617126 3.1664224 1.6781496 1 P 0
L 3.17 1.7681889 3.17 1.791811 2 P 0
L 3.1712598 0.8887795 3.1948819 0.8887795 2 P 0
L 3.1732284 0.1761811 3.1732284 0.2352362 2 P 0
L 3.1732942 1.1694882 3.1732942 1.2285433 2 P 0
L 3.1742913 1.8435827 3.1742913 1.9164174 1 P 0
L 3.1771653 1.1072835 3.1771653 1.1958661 2 P 0
L 3.1771653 1.2027559 3.1771653 1.2913385 2 P 0
L 3.177481 1.0118111 3.177481 1.1003937 2 P 0
L 3.1820867 1.095 3.2057087 1.095 2 P 0
L 3.1830709 0.8769685 3.1830709 0.9005905 2 P 0
L 3.1869292 0.8090552 3.1869292 0.8681103 2 P 0
L 3.1869292 0.8090552 3.2794488 0.8090552 2 P 0
L 3.1869292 0.8681103 3.2794488 0.8681103 2 P 0
L 3.1887402 0.9464567 3.1887402 1.0055118 2 P 0
L 3.1887402 0.9464567 3.2812598 0.9464567 2 P 0
L 3.1887402 1.0055118 3.2812598 1.0055118 2 P 0
L 3.1889764 0.5492127 3.1889764 0.6417323 2 P 0
L 3.1889764 0.6535434 3.1889764 0.7125985 2 P 0
L 3.1889764 0.6535434 3.281496 0.6535434 2 P 0
L 3.1889764 0.7125985 3.281496 0.7125985 2 P 0
L 3.1899606 0.706693 3.1899606 0.7992126 2 P 0
L 3.1899606 0.8641733 3.1899606 0.9566929 2 P 0
L 3.1909449 0.6948819 3.1909449 0.7874015 2 P 0
L 3.1938977 1.0831889 3.1938977 1.106811 2 P 0
L 3.1985433 1.7337402 3.1985433 1.8262598 2 P 0
L 3.2107087 1.4659843 3.2107087 1.7140158 1 P 0
L 3.2204724 0.9379921 3.2204724 1.0088583 3 P 0
L 3.2213779 0.8375985 3.245 0.8375985 2 P 0
L 3.222441 1.0487402 3.222441 1.1412598 2 P 0
L 3.2231889 0.975 3.246811 0.975 2 P 0
L 3.2234251 0.6820867 3.2470472 0.6820867 2 P 0
L 3.2293307 0.8582677 3.2293307 0.9173228 2 P 0
L 3.233189 0.8257875 3.233189 0.8494095 2 P 0
L 3.235 0.963189 3.235 0.986811 2 P 0
L 3.2352362 0.6702757 3.2352362 0.6938977 2 P 0
L 3.2794488 0.8090552 3.2794488 0.8681103 2 P 0
L 3.2812598 0.9464567 3.2812598 1.0055118 2 P 0
L 3.281496 0.6535434 3.281496 0.7125985 2 P 0
L 3.3326772 0.1181102 3.3326772 1.9685039 0 P 0
